Phi(0): 19
df(x0): (-16.000000, 6.000000)
df(x1): (0.640000, 1.320000)
Beta  : 0.015315068493150692
